{
  "advancedEditorSelectedIdentifier" : "ShaderGraphEditorPluginID",
  "openSceneRelativePaths" : [
    "BubbleScene.usda"
  ],
  "recentIdentifiers" : {
    "4615783C-8607-450B-86AC-3214F9DF80B2" : [

    ],
    "7B939101-CD26-49FB-A90F-44522A821AB7" : [

    ]
  },
  "sceneCameraHistory" : {
    "4615783C-8607-450B-86AC-3214F9DF80B2" : [
      {
        "date" : 793852378.879628,
        "title" : "Untitled",
        "transform" : [
          1,
          0,
          -0,
          0,
          -0,
          0.7071069,
          -0.7071067,
          0,
          0,
          0.7071067,
          0.7071069,
          0,
          -2.2351742e-08,
          0.9118276,
          -0.28817225,
          1
        ]
      },
      {
        "date" : 793852376.585894,
        "title" : "Untitled",
        "transform" : [
          1,
          0,
          0,
          0,
          0,
          0.7071069,
          -0.7071067,
          0,
          0,
          0.7071067,
          0.7071069,
          0,
          -0.016023003,
          1.449923,
          0.0039844513,
          1
        ]
      },
      {
        "date" : 793852372.051717,
        "title" : "Untitled",
        "transform" : [
          1,
          0,
          0,
          0,
          0,
          0.7071069,
          -0.7071067,
          0,
          0,
          0.7071067,
          0.7071069,
          0,
          -0.016023003,
          0.9469885,
          -0.4989505,
          1
        ]
      },
      {
        "date" : 793050350.654492,
        "title" : "Untitled",
        "transform" : [
          1,
          0,
          0,
          0,
          0,
          0.7071069,
          -0.7071067,
          0,
          0,
          0.7071067,
          0.7071069,
          0,
          -0.013999704,
          0.82740796,
          -0.43594575,
          1
        ]
      },
      {
        "date" : 793050344.064242,
        "title" : "Untitled",
        "transform" : [
          1,
          0,
          0,
          0,
          0,
          0.7071069,
          -0.7071067,
          0,
          0,
          0.7071067,
          0.7071069,
          0,
          -0.013999704,
          1.117667,
          -0.14568675,
          1
        ]
      },
      {
        "date" : 793047034.345574,
        "title" : "Untitled",
        "transform" : [
          1,
          0,
          0,
          0,
          0,
          0.7071069,
          -0.7071067,
          0,
          0,
          0.7071067,
          0.7071069,
          0,
          -0.013999704,
          0.99166673,
          -0.2716869,
          1
        ]
      },
      {
        "date" : 793047027.789924,
        "title" : "Untitled",
        "transform" : [
          1,
          0,
          0,
          0,
          0,
          0.7071069,
          -0.7071067,
          0,
          0,
          0.7071067,
          0.7071069,
          0,
          -3.7252903e-09,
          0.95998996,
          -0.24001019,
          1
        ]
      },
      {
        "date" : 793047009.572546,
        "title" : "Untitled",
        "transform" : [
          1,
          0,
          0,
          0,
          0,
          0.7071069,
          -0.7071067,
          0,
          0,
          0.7071067,
          0.7071069,
          0,
          -3.7252903e-09,
          1.0227448,
          -0.17725545,
          1
        ]
      },
      {
        "date" : 793047002.447335,
        "title" : "Untitled",
        "transform" : [
          1,
          0,
          0,
          0,
          0,
          0.7071069,
          -0.7071067,
          0,
          0,
          0.7071067,
          0.7071069,
          0,
          -3.7252903e-09,
          0.93653494,
          -0.2634652,
          1
        ]
      },
      {
        "date" : 793041604.148834,
        "title" : "Untitled",
        "transform" : [
          1,
          0,
          0,
          0,
          0,
          0.7071069,
          -0.7071067,
          0,
          0,
          0.7071067,
          0.7071069,
          0,
          -3.7252903e-09,
          1.0450867,
          -0.15491334,
          1
        ]
      }
    ],
    "7B939101-CD26-49FB-A90F-44522A821AB7" : [
      {
        "date" : 792978599.068612,
        "title" : "Untitled",
        "transform" : [
          0.99970627,
          -1.4980097e-08,
          0.024239182,
          0,
          0.01329697,
          0.83610284,
          -0.5484117,
          0,
          -0.02026644,
          0.5485729,
          0.83585715,
          0,
          -0.049884927,
          1.1287909,
          -0.06979036,
          1
        ]
      },
      {
        "date" : 792978584.626441,
        "title" : "Untitled",
        "transform" : [
          0.99970627,
          -1.4980097e-08,
          0.024239182,
          0,
          0.01329697,
          0.83610284,
          -0.5484117,
          0,
          -0.02026644,
          0.5485729,
          0.83585715,
          0,
          -0.0127858035,
          1.0177311,
          0.0039975047,
          1
        ]
      },
      {
        "date" : 792978570.906013,
        "title" : "Untitled",
        "transform" : [
          0.99970627,
          -1.4980097e-08,
          0.024239182,
          0,
          0.01329697,
          0.83610284,
          -0.5484117,
          0,
          -0.02026644,
          0.5485729,
          0.83585715,
          0,
          -0.008694435,
          0.9069855,
          -0.1647445,
          1
        ]
      },
      {
        "date" : 792978536.079488,
        "title" : "Untitled",
        "transform" : [
          0.99970627,
          -1.4980097e-08,
          0.024239182,
          0,
          0.01329697,
          0.83610284,
          -0.5484117,
          0,
          -0.02026644,
          0.5485729,
          0.83585715,
          0,
          -0.038554214,
          1.617861,
          0.9866648,
          1
        ]
      },
      {
        "date" : 792978402.957195,
        "title" : "Untitled",
        "transform" : [
          0.99970627,
          -1.4980097e-08,
          0.024239182,
          0,
          0.01329697,
          0.83610284,
          -0.5484117,
          0,
          -0.02026644,
          0.5485729,
          0.83585715,
          0,
          -0.008694305,
          0.9069855,
          -0.16474438,
          1
        ]
      },
      {
        "date" : 792976018.193473,
        "title" : "Untitled",
        "transform" : [
          0.99970627,
          -1.375472e-08,
          0.024239184,
          0,
          0.013296969,
          0.8361027,
          -0.5484117,
          0,
          -0.02026644,
          0.5485729,
          0.83585703,
          0,
          -0.008694321,
          0.9069856,
          -0.16474435,
          1
        ]
      },
      {
        "date" : 792975577.710487,
        "title" : "Untitled",
        "transform" : [
          0.9997062,
          -1.19961685e-08,
          0.024239186,
          0,
          0.013296973,
          0.8361027,
          -0.5484118,
          0,
          -0.020266443,
          0.54857296,
          0.83585703,
          0,
          -0.0053932965,
          0.842645,
          -0.2549727,
          1
        ]
      },
      {
        "date" : 792975574.45825,
        "title" : "Untitled",
        "transform" : [
          0.9997062,
          -1.02643e-08,
          0.02423919,
          0,
          0.013296989,
          0.83610266,
          -0.5484119,
          0,
          -0.02026647,
          0.548573,
          0.835857,
          0,
          -0.07709547,
          0.94090104,
          -0.24862966,
          1
        ]
      },
      {
        "date" : 792975252.851056,
        "title" : "Untitled",
        "transform" : [
          0.99796504,
          -1.0331033e-08,
          -0.06376322,
          0,
          -0.029566983,
          0.8859924,
          -0.4627562,
          0,
          0.056493733,
          0.4636998,
          0.8841895,
          0,
          0.015020863,
          0.8244377,
          -0.21528777,
          1
        ]
      },
      {
        "date" : 792975248.344432,
        "title" : "Untitled",
        "transform" : [
          0.99796504,
          -1.0296874e-08,
          -0.06376322,
          0,
          -0.029566983,
          0.8859924,
          -0.46275616,
          0,
          0.056493737,
          0.46369976,
          0.8841895,
          0,
          0.01502087,
          0.8244376,
          -0.2152878,
          1
        ]
      }
    ]
  },
  "sceneViewportBackgroundColors" : {

  },
  "selectedSceneRelativePath" : "BubbleScene.usda"
}