{
  "advancedEditorSelectedIdentifier" : "ShaderGraphEditorPluginID",
  "openSceneRelativePaths" : [
    "BubbleScene.usda"
  ],
  "recentIdentifiers" : {
    "4615783C-8607-450B-86AC-3214F9DF80B2" : [

    ],
    "7B939101-CD26-49FB-A90F-44522A821AB7" : [

    ]
  },
  "sceneCameraHistory" : {
    "4615783C-8607-450B-86AC-3214F9DF80B2" : [
      {
        "date" : 794251881.628058,
        "title" : "Untitled",
        "transform" : [
          0.9779156,
          -3.23764e-08,
          -0.20900023,
          0,
          0.16210455,
          0.63120145,
          0.7584898,
          0,
          0.1319212,
          -0.7756189,
          0.61726177,
          0,
          -0.009521969,
          0.34640014,
          -0.3488606,
          1
        ]
      },
      {
        "date" : 794213746.678689,
        "title" : "Untitled",
        "transform" : [
          0.91763085,
          -5.0461423e-08,
          -0.3974339,
          0,
          0.058036614,
          0.98928034,
          0.13399999,
          0,
          0.39317355,
          -0.14602824,
          0.9077941,
          0,
          0.12241048,
          0.6643434,
          -0.20214169,
          1
        ]
      },
      {
        "date" : 794213741.51945,
        "title" : "Untitled",
        "transform" : [
          0.9176308,
          -5.1388753e-08,
          -0.39743385,
          0,
          0.058036614,
          0.9892804,
          0.13399999,
          0,
          0.39317355,
          -0.14602822,
          0.9077942,
          0,
          0.12576741,
          0.67825913,
          -0.20001289,
          1
        ]
      },
      {
        "date" : 794213736.930895,
        "title" : "Untitled",
        "transform" : [
          0.889762,
          -5.546411e-08,
          -0.45642498,
          0,
          0.13773106,
          0.95338374,
          0.26849496,
          0,
          0.4351481,
          -0.3017605,
          0.84828454,
          0,
          0.14158463,
          0.626721,
          -0.21562994,
          1
        ]
      },
      {
        "date" : 794213716.297781,
        "title" : "Untitled",
        "transform" : [
          0.9286853,
          -5.1715382e-08,
          -0.37086862,
          0,
          0.037035413,
          0.9950014,
          0.09273956,
          0,
          0.3690148,
          -0.09986114,
          0.9240432,
          0,
          0.12223216,
          0.6746914,
          -0.18955816,
          1
        ]
      },
      {
        "date" : 794213710.885068,
        "title" : "Untitled",
        "transform" : [
          0.9317848,
          -4.752398e-08,
          -0.36301103,
          0,
          -0.13590278,
          0.9272768,
          -0.34883842,
          0,
          0.33661172,
          0.37437657,
          0.86402243,
          0,
          0.08830666,
          0.72719544,
          -0.2073096,
          1
        ]
      },
      {
        "date" : 794213704.911366,
        "title" : "Untitled",
        "transform" : [
          0.9222169,
          -4.3622112e-08,
          -0.3866733,
          0,
          0.018244352,
          0.99888635,
          0.043512717,
          0,
          0.38624263,
          -0.047182765,
          0.9211898,
          0,
          0.12548323,
          0.68424016,
          -0.19833791,
          1
        ]
      },
      {
        "date" : 794213685.637362,
        "title" : "Untitled",
        "transform" : [
          0.97140855,
          -4.2151857e-08,
          -0.2374143,
          0,
          -0.0010719001,
          0.99998987,
          -0.004385983,
          0,
          0.23741189,
          0.0045150653,
          0.97139865,
          0,
          0.07676186,
          0.70115006,
          -0.18203662,
          1
        ]
      },
      {
        "date" : 794213683.973989,
        "title" : "Untitled",
        "transform" : [
          0.9714084,
          -4.2088022e-08,
          -0.23741427,
          0,
          -0.0010718997,
          0.9999898,
          -0.0043859826,
          0,
          0.23741186,
          0.0045150667,
          0.97139865,
          0,
          0.10822137,
          0.6905116,
          -0.14392352,
          1
        ]
      },
      {
        "date" : 794213666.563252,
        "title" : "Untitled",
        "transform" : [
          0.857271,
          -4.190441e-08,
          -0.51486546,
          0,
          -0.008249288,
          0.9998717,
          -0.013735468,
          0,
          0.5147994,
          0.016022291,
          0.857161,
          0,
          0.1750693,
          0.7040803,
          -0.20460868,
          1
        ]
      }
    ],
    "7B939101-CD26-49FB-A90F-44522A821AB7" : [
      {
        "date" : 792978599.068612,
        "title" : "Untitled",
        "transform" : [
          0.99970627,
          -1.4980097e-08,
          0.024239182,
          0,
          0.01329697,
          0.83610284,
          -0.5484117,
          0,
          -0.02026644,
          0.5485729,
          0.83585715,
          0,
          -0.049884927,
          1.1287909,
          -0.06979036,
          1
        ]
      },
      {
        "date" : 792978584.626441,
        "title" : "Untitled",
        "transform" : [
          0.99970627,
          -1.4980097e-08,
          0.024239182,
          0,
          0.01329697,
          0.83610284,
          -0.5484117,
          0,
          -0.02026644,
          0.5485729,
          0.83585715,
          0,
          -0.0127858035,
          1.0177311,
          0.0039975047,
          1
        ]
      },
      {
        "date" : 792978570.906013,
        "title" : "Untitled",
        "transform" : [
          0.99970627,
          -1.4980097e-08,
          0.024239182,
          0,
          0.01329697,
          0.83610284,
          -0.5484117,
          0,
          -0.02026644,
          0.5485729,
          0.83585715,
          0,
          -0.008694435,
          0.9069855,
          -0.1647445,
          1
        ]
      },
      {
        "date" : 792978536.079488,
        "title" : "Untitled",
        "transform" : [
          0.99970627,
          -1.4980097e-08,
          0.024239182,
          0,
          0.01329697,
          0.83610284,
          -0.5484117,
          0,
          -0.02026644,
          0.5485729,
          0.83585715,
          0,
          -0.038554214,
          1.617861,
          0.9866648,
          1
        ]
      },
      {
        "date" : 792978402.957195,
        "title" : "Untitled",
        "transform" : [
          0.99970627,
          -1.4980097e-08,
          0.024239182,
          0,
          0.01329697,
          0.83610284,
          -0.5484117,
          0,
          -0.02026644,
          0.5485729,
          0.83585715,
          0,
          -0.008694305,
          0.9069855,
          -0.16474438,
          1
        ]
      },
      {
        "date" : 792976018.193473,
        "title" : "Untitled",
        "transform" : [
          0.99970627,
          -1.375472e-08,
          0.024239184,
          0,
          0.013296969,
          0.8361027,
          -0.5484117,
          0,
          -0.02026644,
          0.5485729,
          0.83585703,
          0,
          -0.008694321,
          0.9069856,
          -0.16474435,
          1
        ]
      },
      {
        "date" : 792975577.710487,
        "title" : "Untitled",
        "transform" : [
          0.9997062,
          -1.19961685e-08,
          0.024239186,
          0,
          0.013296973,
          0.8361027,
          -0.5484118,
          0,
          -0.020266443,
          0.54857296,
          0.83585703,
          0,
          -0.0053932965,
          0.842645,
          -0.2549727,
          1
        ]
      },
      {
        "date" : 792975574.45825,
        "title" : "Untitled",
        "transform" : [
          0.9997062,
          -1.02643e-08,
          0.02423919,
          0,
          0.013296989,
          0.83610266,
          -0.5484119,
          0,
          -0.02026647,
          0.548573,
          0.835857,
          0,
          -0.07709547,
          0.94090104,
          -0.24862966,
          1
        ]
      },
      {
        "date" : 792975252.851056,
        "title" : "Untitled",
        "transform" : [
          0.99796504,
          -1.0331033e-08,
          -0.06376322,
          0,
          -0.029566983,
          0.8859924,
          -0.4627562,
          0,
          0.056493733,
          0.4636998,
          0.8841895,
          0,
          0.015020863,
          0.8244377,
          -0.21528777,
          1
        ]
      },
      {
        "date" : 792975248.344432,
        "title" : "Untitled",
        "transform" : [
          0.99796504,
          -1.0296874e-08,
          -0.06376322,
          0,
          -0.029566983,
          0.8859924,
          -0.46275616,
          0,
          0.056493737,
          0.46369976,
          0.8841895,
          0,
          0.01502087,
          0.8244376,
          -0.2152878,
          1
        ]
      }
    ]
  },
  "sceneViewportBackgroundColors" : {

  },
  "selectedSceneRelativePath" : "BubbleScene.usda"
}